<svg version="1.1" xmlns="http://www.w3.org/2000/svg" xmlns:xlink="http://www.w3.org/1999/xlink" viewBox="0 0 590 200" x="0px" y="0px" xml:space="preserve">
<g>
	<path stroke="#c33" fill="none" d="M151.889,111.651a67.33,67.33,0,1,1-6.3-58.911" stroke-miterlimit="23" stroke-width="42"/>
	<path stroke="#c33" fill="none" d="M99.035,99.446H167.34v75.782" stroke-miterlimit="23" stroke-width="34"/>
	<path fill="#c33" d="M231.129,127.708q-1.288-.175-3.018-.322t-3.076-.147a16.856,16.856,0,0,0-8.056,1.67,10.276,10.276,0,0,0-4.541,4.834v41.485H195.5v-63.4h16l.469,7.559a19.006,19.006,0,0,1,5.918-6.416,14.579,14.579,0,0,1,8.2-2.315,18.4,18.4,0,0,1,2.842.235,17.789,17.789,0,0,1,2.431.527Z"/>
	<path fill="#c33" d="M274.254,175.228a18.772,18.772,0,0,1-1.7-5.684,22.1,22.1,0,0,1-6.475,4.863,20.753,20.753,0,0,1-9.521,1.992,25.259,25.259,0,0,1-8.526-1.406,21.09,21.09,0,0,1-6.855-3.926,18,18,0,0,1-4.541-6A17.727,17.727,0,0,1,235,157.415a20.3,20.3,0,0,1,1.846-8.848,17.277,17.277,0,0,1,5.537-6.562,26.647,26.647,0,0,1,9.17-4.1,51.587,51.587,0,0,1,12.744-1.406h7.559v-3.633a10.453,10.453,0,0,0-2.256-7.031q-2.256-2.637-7.119-2.637a10.088,10.088,0,0,0-6.709,2.051,6.967,6.967,0,0,0-2.432,5.625H236.4a16.768,16.768,0,0,1,1.905-7.793,19.517,19.517,0,0,1,5.42-6.445,27.248,27.248,0,0,1,8.5-4.365,36.052,36.052,0,0,1,11.132-1.612,35.374,35.374,0,0,1,10.2,1.406,23.069,23.069,0,0,1,8.086,4.19,19.079,19.079,0,0,1,5.3,6.973,23.381,23.381,0,0,1,1.9,9.755v26.836q0,2.7.176,4.834t.468,3.868a20.073,20.073,0,0,0,.762,3.1,18.36,18.36,0,0,0,1.113,2.607v1Zm-14-11.778a14.517,14.517,0,0,0,7.324-1.9,11.817,11.817,0,0,0,2.549-1.963,10.658,10.658,0,0,0,1.729-2.285V146.4h-6.973a20.452,20.452,0,0,0-5.8.733,11.265,11.265,0,0,0-4.043,2.051,8.183,8.183,0,0,0-2.344,3.105,9.85,9.85,0,0,0-.761,3.9,6.775,6.775,0,0,0,2.226,5.214A8.643,8.643,0,0,0,260.25,163.45Z"/>
	<path fill="#c33" d="M317.73,111.829l.528,7.09a22.491,22.491,0,0,1,7.705-6.065,23.881,23.881,0,0,1,10.517-2.2,21.358,21.358,0,0,1,10.049,2.285,15.4,15.4,0,0,1,6.768,7.383,22.5,22.5,0,0,1,7.822-7.09,23.08,23.08,0,0,1,11.221-2.578,25.965,25.965,0,0,1,8.408,1.289,15.49,15.49,0,0,1,6.445,4.16,19.217,19.217,0,0,1,4.1,7.471,38.284,38.284,0,0,1,1.435,11.279v40.372H375.738V134.856a17,17,0,0,0-.674-5.214,7.414,7.414,0,0,0-1.9-3.194,6.694,6.694,0,0,0-2.988-1.582,16.473,16.473,0,0,0-3.984-.439,10.682,10.682,0,0,0-6.563,1.963,12.064,12.064,0,0,0-3.984,5.3c0,.2.008.411.029.645s.029.449.029.644v42.247H338.766V134.974a17.7,17.7,0,0,0-.645-5.215,7.442,7.442,0,0,0-1.875-3.223,6.788,6.788,0,0,0-3.017-1.64,15.826,15.826,0,0,0-4.014-.469,11.88,11.88,0,0,0-6.328,1.582,11.4,11.4,0,0,0-4.1,4.394v44.825H301.852v-63.4Z"/>
	<path fill="#c33" d="M462.809,144.114a48.714,48.714,0,0,1-1.612,12.832,31.4,31.4,0,0,1-4.717,10.225,22.451,22.451,0,0,1-7.705,6.767A22.069,22.069,0,0,1,438.2,176.4a21.126,21.126,0,0,1-8.877-1.757,19.9,19.9,0,0,1-6.65-4.922V199.6H405.738V111.829h15.7l.586,6.211a20.945,20.945,0,0,1,6.827-5.449,20.539,20.539,0,0,1,9.228-1.934,23.557,23.557,0,0,1,10.664,2.315,21.249,21.249,0,0,1,7.734,6.562,30.724,30.724,0,0,1,4.717,10.2,50.261,50.261,0,0,1,1.612,13.155Zm-16.934-1.23a37.317,37.317,0,0,0-.674-7.295,18.775,18.775,0,0,0-2.138-5.86,10.973,10.973,0,0,0-3.78-3.9,10.706,10.706,0,0,0-5.654-1.406,13.434,13.434,0,0,0-6.826,1.552,10.372,10.372,0,0,0-4.131,4.542v25.957a11.2,11.2,0,0,0,4.131,4.6,12.916,12.916,0,0,0,6.943,1.67,10.361,10.361,0,0,0,5.654-1.465,11.079,11.079,0,0,0,3.75-4.013,19.434,19.434,0,0,0,2.08-5.948,38.6,38.6,0,0,0,.645-7.207Z"/>
	<path fill="#c33" d="M511.266,168.782A20.482,20.482,0,0,1,504,174.407a23.688,23.688,0,0,1-10.078,1.992,26.375,26.375,0,0,1-8.555-1.318,16.7,16.7,0,0,1-6.65-4.16,19.029,19.029,0,0,1-4.307-7.324,33.562,33.562,0,0,1-1.523-10.752V111.829H489.82v41.133a13.393,13.393,0,0,0,.674,4.512,7.626,7.626,0,0,0,1.875,3.017,7.29,7.29,0,0,0,2.842,1.67,11.812,11.812,0,0,0,3.633.527,15.343,15.343,0,0,0,7.441-1.582,10.831,10.831,0,0,0,4.395-4.394V111.829h16.992v63.4H511.734Z"/>
	<path fill="#c33" d="M574.781,157.708a5.685,5.685,0,0,0-.527-2.461,5.406,5.406,0,0,0-1.992-2.08,18.308,18.308,0,0,0-3.985-1.846,52.523,52.523,0,0,0-6.5-1.7,61.634,61.634,0,0,1-8.994-2.637,27.737,27.737,0,0,1-7.148-3.925,17.513,17.513,0,0,1-4.717-5.45,14.761,14.761,0,0,1-1.7-7.207,17.147,17.147,0,0,1,1.728-7.558,18.934,18.934,0,0,1,4.981-6.3,24.273,24.273,0,0,1,7.969-4.307,33.347,33.347,0,0,1,10.634-1.582,37.42,37.42,0,0,1,11.075,1.524,25.27,25.27,0,0,1,8.349,4.248,18.847,18.847,0,0,1,5.274,6.474,18.331,18.331,0,0,1,1.845,8.2H574.137a8.2,8.2,0,0,0-2.344-6q-2.345-2.373-7.324-2.373a10.131,10.131,0,0,0-6.621,1.933,6.1,6.1,0,0,0-2.344,4.922,4.954,4.954,0,0,0,.615,2.49,6.019,6.019,0,0,0,1.992,1.992,15.747,15.747,0,0,0,3.633,1.67,44.26,44.26,0,0,0,5.537,1.407,75.826,75.826,0,0,1,9.551,2.461,27.833,27.833,0,0,1,7.588,3.779,17.009,17.009,0,0,1,5.01,5.625,17.744,17.744,0,0,1-.059,15.762,18.152,18.152,0,0,1-5.361,6.123,26.911,26.911,0,0,1-8.408,4.043,38.627,38.627,0,0,1-11.016,1.464,34.021,34.021,0,0,1-11.777-1.875,27.092,27.092,0,0,1-8.584-4.921,20.492,20.492,0,0,1-5.245-6.856,18.178,18.178,0,0,1-1.757-7.676h16.054a9.811,9.811,0,0,0,1.084,4.248,8.311,8.311,0,0,0,2.549,2.9,10.989,10.989,0,0,0,3.662,1.64,17.678,17.678,0,0,0,4.366.528q4.863,0,7.353-1.846A5.743,5.743,0,0,0,574.781,157.708Z"/>
	
</g>
</svg>